  |   | 7 || 2 |   | 3 || 1 |   | 9
-----------------------------------
  |   |   ||   |   |   ||   | 6 | 5
-----------------------------------
8 |   |   || 5 | 6 |   ||   |   | 2
-----------------------------------
-----------------------------------
6 | 7 |   || 9 |   |   || 4 | 5 |  
-----------------------------------
  |   |   || 4 |   | 7 ||   |   |  
-----------------------------------
  | 4 | 1||   |   | 8 ||   | 3 | 7
-----------------------------------
-----------------------------------
2 |   |   ||   | 7 | 6 ||   |   | 4
-----------------------------------
4 | 5 |   ||   |   |   ||   |   |  
-----------------------------------
7 |   | 6 || 1 |   | 5 || 9 |   |  